100307
100408
101006
101107
101309
101410
101915
102008
102311
102816
103111
103515
103818
105014
105115
105216
106016
106521
107321
107422
108121
108323
108525
108828
109123
109325
110411
111312
111413
111716
113215
113922
114419
114924
115320
116524
117122
117324
118528
118730
118932
119833
120212
120515
121618
122317
122620
123117
123420
123925
124220
125525
126325
126628
127630
127933
128127
128632
129028
130013
130316
131217
131722
133019
133827
133928
134324
135225
135528
136227
136833
137027
138534
139233
139637
140925
144832
146432
147030
147737
148335
148840
148941
149741
150423
150726
151223
151526
151627
151728
153833
154734
154835
154936
155231
156233
156637
157437
158136
159138
159239
159340
159441
160830
161630
162228
162733
163331
163432
164030
164131
164939
167036
167743
168139
168341
169444
170934
172029
172332
172534
172938
173435
173536
173940
176542
177645
178142
178849
178950
180129
180432
181232
182739
185442
186141
187143
189349
189450
190031
191033
192540
195041
196750
197550
198451
198855
199655
199958
200614
201818
203418
204016
208226
210011
212217
212318
214423
231928
239944
245333
285446
290136
304020
308331
310621
316633
361941
397760
414229
465852
480141
486759
547046
552544
592455
622236
679568
715041
748662
749361
753251
771354
782561
837560
845458
849971
871964
